Initial Density: 2.76536
-----------------------------
VERTICES OF DENSEST COMPONENT
-----------------------------
9
10
22
123
147
254
316
394
445
474
494
519
521
543
545
548
558
598
662
676
751
755
757
845
895
932
934
977
998
1042
1060
1270
1277
1298
1324
1331
1334
1352
1400
1410
1475
1526
1555
1562
1605
1714
1782
1813
1893
1915
1951
1974
1983
2059
2242
2277
2465
2489
2493
2539
2553
2560
2565
2656
2668
2764
2799
2822
2846
2862
2867
2901
2905
2917
2955
2956
3007
3044
3097
3255
3490
3494
3501
3523
3527
3530
3531
3577
3636
3683
3686
3764
3778
3834
3892
3900
3960
4015
4023
4058
4153
4157
4158
4167
4233
4269
4282
4324
4408
4490
4530
4553
4601
4608
4681
4771
4910
4913
4935
4946
4981
5056
5148
5207
-----------------
DENSEST COMPONENT
-----------------
[9] --> |1352|4233|4553|5148|2242|123|147|4408|1270|558|2867|4981|316|445|598|676|845|932|934|1400|1605|1813|1974|2277|2465|2489|2553|2565|2822|2901|3044|3494|3501|3778|3892|4023|4058|4153|4167|4282|4324|4601|4681|5056|
[10] --> |1352|4233|5148|2242|123|147|4408|1270|558|2867|4981|932|4282|4681|2901|4167|3892|676|3778|845|1605|2465|3494|5056|316|1974|4324|2822|2553|445|598|1400|1813|2277|2489|2565|3044|3501|4023|4058|4153|4601|
[22] --> |1331|494|3686|4157|3764|2955|4946|2905|394|474|519|521|895|977|1060|1298|1475|1555|1782|1893|1951|1983|2059|2493|2539|2846|2862|2956|3007|3097|3255|3523|3636|3834|3900|3960|4015|4158|4269|4530|4771|
[123] --> |9|10|1352|4233|4553|5148|2242|147|316|445|558|598|676|845|932|934|1270|1400|1605|1813|1974|2277|2465|2489|2553|2565|2822|2867|2901|3044|3494|3501|3778|3892|4023|4058|4153|4167|4282|4324|4408|4601|4681|4981|5056|
[147] --> |9|10|123|1352|4233|4553|5148|2242|316|445|558|598|676|845|932|934|1270|1400|1605|1813|1974|2277|2465|2489|2553|2565|2822|2867|2901|3044|3494|3501|3778|3892|4023|4058|4153|4167|4282|4324|4408|4601|4681|4981|5056|
[254] --> |1562|998|662|1277|2668|2917|4490|4910|2764|1714|1915|3531|543|545|751|755|757|1042|1324|1334|1410|1526|2560|2656|2799|3490|3527|3530|3577|3683|4608|4913|4935|5207|
[316] --> |9|10|123|147|1352|4233|4553|5148|2242|4408|1270|558|2867|4981|932|4282|4681|2901|4167|3892|676|3778|845|1605|2465|3494|5056|445|598|934|1400|1813|1974|2277|2489|2553|2565|2822|3044|3501|4023|4058|4153|4324|4601|
[394] --> |22|1331|494|3686|4157|3764|2955|4946|2905|474|519|521|895|977|1060|1298|1475|1555|1782|1893|1951|1983|2059|2493|2539|2846|2862|2956|3007|3097|3255|3523|3636|3834|3900|3960|4015|4158|4269|4530|4771|
[445] --> |9|10|123|147|316|1352|4233|4553|5148|2242|4408|1270|558|2867|4981|932|4282|4681|2901|4167|3892|676|3778|845|1605|2465|3494|5056|1974|4324|2822|2553|598|934|1400|1813|2277|2489|2565|3044|3501|4023|4058|4153|4601|
[474] --> |22|394|1331|494|3686|4157|3764|2955|4946|2905|519|521|895|977|1060|1298|1475|1555|1782|1893|1951|1983|2059|2493|2539|2846|2862|2956|3007|3097|3255|3523|3636|3834|3900|3960|4015|4158|4269|4530|4771|
[494] --> |22|394|474|1331|519|521|895|977|1298|1475|1555|1893|1951|1983|2059|2493|2846|2862|2905|2955|3097|3255|3523|3636|3686|3764|3834|3960|4015|4158|4269|
[519] --> |22|394|474|494|1331|3686|4157|3764|2955|4946|2905|521|895|977|1060|1298|1475|1555|1782|1893|1951|1983|2059|2493|2539|2846|2862|2956|3007|3097|3255|3523|3636|3834|3900|3960|4015|4158|4269|4530|4771|
[521] --> |22|394|474|494|519|1331|3686|4157|3764|2955|4946|2905|895|977|1060|1298|1475|1555|1782|1893|1951|1983|2059|2493|2539|2846|2862|2956|3007|3097|3255|3523|3636|3834|3900|3960|4015|4158|4269|4530|4771|
[543] --> |254|1562|998|662|1277|2668|2917|4490|4910|2764|1714|1915|3531|545|751|755|757|1042|1324|1334|1410|1526|2560|2656|2799|3490|3527|3530|3577|3683|4608|4913|4935|5207|
[545] --> |254|543|1562|998|662|1277|2668|2917|4490|4910|2764|1714|1915|3531|751|755|757|1042|1324|1334|1410|1526|2560|2656|2799|3490|3527|3530|3577|3683|4608|4913|4935|5207|
[548] --> |2465|
[558] --> |9|10|123|147|316|445|1352|4233|4553|5148|2242|4408|1270|598|676|845|932|934|1400|1605|1813|1974|2277|2465|2489|2553|2565|2822|2867|2901|3044|3494|3501|3778|3892|4023|4058|4153|4167|4282|4324|4601|4681|4981|5056|
[598] --> |9|10|123|147|316|445|558|1352|4233|4553|5148|2242|4408|1270|2867|4981|932|4282|4681|2901|4167|3892|676|3778|845|1605|2465|3494|5056|1974|4324|2822|2553|4023|934|1400|1813|2277|2489|2565|3044|3501|4058|4153|4601|
[662] --> |254|543|545|1562|998|751|755|757|1042|1277|1324|1334|1410|1526|1714|1915|2560|2656|2668|2764|2799|2917|3490|3527|3530|3531|3577|3683|4490|4608|4910|4913|4935|5207|
[676] --> |9|10|123|147|316|445|558|598|1352|4233|4553|5148|2242|4408|1270|2867|4981|932|4282|4681|2901|4167|3892|845|934|1400|1605|1813|1974|2277|2465|2489|2553|2565|2822|3044|3494|3501|3778|4023|4058|4153|4324|4601|5056|
[751] --> |254|543|545|662|1562|998|1277|2668|2917|4490|4910|2764|1714|1915|3531|755|757|1042|1324|1334|1410|1526|2560|2656|2799|3490|3527|3530|3577|3683|4608|4913|4935|5207|
[755] --> |254|543|545|662|751|1562|998|1277|2668|2917|4490|4910|2764|1714|1915|3531|757|1042|1324|1334|1410|1526|2560|2656|2799|3490|3527|3530|3577|3683|4608|4913|4935|5207|
[757] --> |254|543|545|662|751|755|1562|998|1277|2668|2917|4490|4910|2764|1714|1915|3531|1042|1324|1334|1410|1526|2560|2656|2799|3490|3527|3530|3577|3683|4608|4913|4935|5207|
[845] --> |9|10|123|147|316|445|558|598|676|1352|4233|4553|5148|2242|4408|1270|2867|4981|932|4282|4681|2901|4167|3892|3778|934|1400|1605|1813|1974|2277|2465|2489|2553|2565|2822|3044|3494|3501|4023|4058|4153|4324|4601|5056|
[895] --> |22|394|474|494|519|521|1331|3686|3764|2955|2905|977|1298|1475|1555|1951|1983|2059|2493|2862|3097|3255|3523|3636|3960|4015|4158|1893|2846|3834|4269|
[932] --> |9|10|123|147|316|445|558|598|676|845|1352|4233|5148|2242|4408|1270|2867|4981|1400|1605|1813|1974|2277|2465|2489|2553|2565|2822|2901|3044|3494|3501|3778|3892|4023|4058|4153|4167|4282|4324|4601|4681|5056|
[934] --> |9|123|147|316|445|558|598|676|845|1352|4233|4553|5148|2242|4408|1270|2867|4981|4282|4681|2901|4167|3892|3778|1605|2465|3494|5056|1974|4324|2822|2553|4023|1400|1813|2277|2489|2565|3044|3501|4058|4153|4601|
[977] --> |22|394|474|494|519|521|895|1331|3686|4157|3764|2955|4946|2905|1060|1298|1475|1555|1782|1893|1951|1983|2059|2493|2539|2846|2862|2956|3007|3097|3255|3523|3636|3834|3900|3960|4015|4158|4269|4530|4771|
[998] --> |254|543|545|662|751|755|757|1562|1042|1277|1324|1334|1410|1526|1714|1915|2560|2656|2668|2764|2799|2917|3490|3527|3530|3531|3577|3683|4490|4608|4910|4913|4935|5207|
[1042] --> |254|543|545|662|751|755|757|998|1562|1277|2668|2917|4490|4910|2764|1714|1915|3531|1324|1334|1410|1526|2560|2656|2799|3490|3527|3530|3577|3683|4608|4913|4935|5207|
[1060] --> |22|394|474|519|521|977|1331|4157|2955|4946|2905|1298|1475|1555|1782|1951|1983|2059|2493|2539|2862|2956|3007|3097|3255|3523|3636|3900|3960|4015|4158|4530|4771|
[1270] --> |9|10|123|147|316|445|558|598|676|845|932|934|1352|4233|4553|5148|2242|4408|1400|1605|1813|1974|2277|2465|2489|2553|2565|2822|2867|2901|3044|3494|3501|3778|3892|4023|4058|4153|4167|4282|4324|4601|4681|4981|5056|
[1277] --> |254|543|545|662|751|755|757|998|1042|1562|1324|1334|1410|1526|1714|1915|2560|2656|2668|2764|2799|2917|3490|3527|3530|3531|3577|3683|4490|4608|4910|4913|4935|5207|
[1298] --> |22|394|474|494|519|521|895|977|1060|1331|3686|4157|3764|2955|4946|2905|4771|1475|1555|1782|1893|1951|1983|2059|2493|2539|2846|2862|2956|3007|3097|3255|3523|3636|3834|3900|3960|4015|4158|4269|4530|
[1324] --> |254|543|545|662|751|755|757|998|1042|1277|1562|2668|2917|4490|4910|2764|1714|1915|3531|4935|1334|1410|1526|2560|2656|2799|3490|3527|3530|3577|3683|4608|4913|5207|
[1331] --> |22|394|474|494|519|521|895|977|1060|1298|1475|1555|1782|1893|1951|1983|2059|2493|2539|2846|2862|2905|2955|2956|3007|3097|3255|3523|3636|3686|3764|3834|3900|3960|4015|4157|4158|4269|4530|4771|4946|
[1334] --> |254|543|545|662|751|755|757|998|1042|1277|1324|1562|2668|2917|4490|4910|2764|1714|1915|3531|4935|1410|1526|2560|2656|2799|3490|3527|3530|3577|3683|4608|4913|5207|
[1352] --> |9|10|123|147|316|445|558|598|676|845|932|934|1270|1400|1605|1813|1974|2242|2277|2465|2489|2553|2565|2822|2867|2901|3044|3494|3501|3778|3892|4023|4058|4153|4167|4233|4282|4324|4408|4553|4601|4681|4981|5056|5148|
[1400] --> |9|10|123|147|316|445|558|598|676|845|932|934|1270|1352|4233|4553|5148|2242|4408|2867|4981|4282|4681|2901|4167|3892|3778|1605|2465|3494|5056|1974|4324|2822|2553|4023|1813|2277|2489|2565|3044|3501|4058|4153|4601|
[1410] --> |254|543|545|662|751|755|757|998|1042|1277|1324|1334|1562|2668|2917|4490|4910|2764|1714|1915|3531|4935|1526|2560|2656|2799|3490|3527|3530|3577|3683|4608|4913|5207|
[1475] --> |22|394|474|494|519|521|895|977|1060|1298|1331|3686|4157|3764|2955|4946|2905|4771|1555|1782|1893|1951|1983|2059|2493|2539|2846|2862|2956|3007|3097|3255|3523|3636|3834|3900|3960|4015|4158|4269|4530|
[1526] --> |254|543|545|662|751|755|757|998|1042|1277|1324|1334|1410|1562|2668|2917|4490|4910|2764|1714|1915|3531|4935|2560|2656|2799|3490|3527|3530|3577|3683|4608|4913|5207|
[1555] --> |22|394|474|494|519|521|895|977|1060|1298|1331|1475|3686|4157|3764|2955|4946|2905|4771|1782|1893|1951|1983|2059|2493|2539|2846|2862|2956|3007|3097|3255|3523|3636|3834|3900|3960|4015|4158|4269|4530|
[1562] --> |254|543|545|662|751|755|757|998|1042|1277|1324|1334|1410|1526|1714|1915|2560|2656|2668|2764|2799|2917|3490|3527|3530|3531|3577|3683|4490|4608|4910|4913|4935|5207|
[1605] --> |9|10|123|147|316|445|558|598|676|845|932|934|1270|1352|1400|4233|4553|5148|2242|4408|2867|4981|4282|4681|2901|4167|3892|3778|1813|1974|2277|2465|2489|2553|2565|2822|3044|3494|3501|4023|4058|4153|4324|4601|5056|
[1714] --> |254|543|545|662|751|755|757|998|1042|1277|1324|1334|1410|1526|1562|2668|2917|4490|4910|2764|1915|2560|2656|2799|3490|3527|3530|3531|3577|3683|4608|4913|4935|5207|
[1782] --> |22|394|474|519|521|977|1060|1298|1331|1475|1555|4157|2955|4946|2905|4771|1951|1983|2059|2493|2539|2862|2956|3007|3097|3255|3523|3636|3900|3960|4015|4158|4530|
[1813] --> |9|10|123|147|316|445|558|598|676|845|932|934|1270|1352|1400|1605|4233|4553|5148|2242|4408|2867|4981|4282|4681|2901|4167|3892|3778|2465|3494|5056|1974|4324|2822|2553|4023|2277|2489|2565|3044|3501|4058|4153|4601|
[1893] --> |22|394|474|494|519|521|895|977|1298|1331|1475|1555|3686|3764|2955|2905|1951|1983|2059|2493|2862|3097|3255|3523|3636|3960|4015|4158|2846|3834|4269|
[1915] --> |254|543|545|662|751|755|757|998|1042|1277|1324|1334|1410|1526|1562|1714|2668|2917|4490|4910|2764|2560|2656|2799|3490|3527|3530|3531|3577|3683|4608|4913|4935|5207|
[1951] --> |22|394|474|494|519|521|895|977|1060|1298|1331|1475|1555|1782|1893|3686|4157|3764|2955|4946|2905|4771|1983|2059|2493|2539|2846|2862|2956|3007|3097|3255|3523|3636|3834|3900|3960|4015|4158|4269|4530|
[1974] --> |9|10|123|147|316|445|558|598|676|845|932|934|1270|1352|1400|1605|1813|4233|4553|5148|2242|4408|2867|4981|4282|4681|2901|4167|3892|3778|2465|3494|5056|2277|2489|2553|2565|2822|3044|3501|4023|4058|4153|4324|4601|
[1983] --> |22|394|474|494|519|521|895|977|1060|1298|1331|1475|1555|1782|1893|1951|3686|4157|3764|2955|4946|2905|4771|2059|2493|2539|2846|2862|2956|3007|3097|3255|3523|3636|3834|3900|3960|4015|4158|4269|4530|
[2059] --> |22|394|474|494|519|521|895|977|1060|1298|1331|1475|1555|1782|1893|1951|1983|3686|4157|3764|2955|4946|2905|4771|2493|2539|2846|2862|2956|3007|3097|3255|3523|3636|3834|3900|3960|4015|4158|4269|4530|
[2242] --> |9|10|123|147|316|445|558|598|676|845|932|934|1270|1352|1400|1605|1813|1974|4233|4553|5148|2277|2465|2489|2553|2565|2822|2867|2901|3044|3494|3501|3778|3892|4023|4058|4153|4167|4282|4324|4408|4601|4681|4981|5056|
[2277] --> |9|10|123|147|316|445|558|598|676|845|932|934|1270|1352|1400|1605|1813|1974|2242|4233|4553|5148|4408|2867|4981|4282|4681|2901|4167|3892|3778|2465|3494|5056|4324|2822|2553|4023|2489|2565|3044|3501|4058|4153|4601|
[2465] --> |9|10|123|147|316|445|548|558|598|676|845|932|934|1270|1352|1400|1605|1813|1974|2242|2277|4233|4553|5148|4408|2867|4981|4282|4681|2901|4167|3892|3778|2489|2553|2565|2822|3044|3494|3501|4023|4058|4153|4324|4601|5056|
[2489] --> |9|10|123|147|316|445|558|598|676|845|932|934|1270|1352|1400|1605|1813|1974|2242|2277|2465|4233|4553|5148|4408|2867|4981|4282|4681|2901|4167|3892|3778|3494|5056|4324|2822|2553|4023|2565|3044|3501|4058|4153|4601|
[2493] --> |22|394|474|494|519|521|895|977|1060|1298|1331|1475|1555|1782|1893|1951|1983|2059|3686|4157|3764|2955|4946|2905|4771|2539|2846|2862|2956|3007|3097|3255|3523|3636|3834|3900|3960|4015|4158|4269|4530|
[2539] --> |22|394|474|519|521|977|1060|1298|1331|1475|1555|1782|1951|1983|2059|2493|4157|2955|4946|2905|4771|2862|2956|3007|3097|3255|3523|3636|3900|3960|4015|4158|4530|
[2553] --> |9|10|123|147|316|445|558|598|676|845|932|934|1270|1352|1400|1605|1813|1974|2242|2277|2465|2489|4233|4553|5148|4408|2867|4981|4282|4681|2901|4167|3892|3778|3494|5056|4324|2822|2565|3044|3501|4023|4058|4153|4601|
[2560] --> |254|543|545|662|751|755|757|998|1042|1277|1324|1334|1410|1526|1562|1714|1915|2668|2917|4490|4910|2764|3531|4935|3577|2656|2799|3490|3527|3530|3683|4608|4913|5207|
[2565] --> |9|10|123|147|316|445|558|598|676|845|932|934|1270|1352|1400|1605|1813|1974|2242|2277|2465|2489|2553|4233|4553|5148|4408|2867|4981|4282|4681|2901|4167|3892|3778|3494|5056|4324|2822|4023|3044|3501|4058|4153|4601|
[2656] --> |254|543|545|662|751|755|757|998|1042|1277|1324|1334|1410|1526|1562|1714|1915|2560|2668|2917|4490|4910|2764|3531|4935|3577|2799|3490|3527|3530|3683|4608|4913|5207|
[2668] --> |254|543|545|662|751|755|757|998|1042|1277|1324|1334|1410|1526|1562|1714|1915|2560|2656|2764|2799|2917|3490|3527|3530|3531|3577|3683|4490|4608|4910|4913|4935|5207|
[2764] --> |254|543|545|662|751|755|757|998|1042|1277|1324|1334|1410|1526|1562|1714|1915|2560|2656|2668|2917|4490|4910|2799|3490|3527|3530|3531|3577|3683|4608|4913|4935|5207|
[2799] --> |254|543|545|662|751|755|757|998|1042|1277|1324|1334|1410|1526|1562|1714|1915|2560|2656|2668|2764|2917|4490|4910|3531|4935|3577|3490|3527|3530|3683|4608|4913|5207|
[2822] --> |9|10|123|147|316|445|558|598|676|845|932|934|1270|1352|1400|1605|1813|1974|2242|2277|2465|2489|2553|2565|4233|4553|5148|4408|2867|4981|4282|4681|2901|4167|3892|3778|3494|5056|4324|3044|3501|4023|4058|4153|4601|
[2846] --> |22|394|474|494|519|521|895|977|1298|1331|1475|1555|1893|1951|1983|2059|2493|3686|3764|2955|2905|2862|3097|3255|3523|3636|3960|4015|4158|3834|4269|
[2862] --> |22|394|474|494|519|521|895|977|1060|1298|1331|1475|1555|1782|1893|1951|1983|2059|2493|2539|2846|3686|4157|3764|2955|4946|2905|4771|2956|3007|3097|3255|3523|3636|3834|3900|3960|4015|4158|4269|4530|
[2867] --> |9|10|123|147|316|445|558|598|676|845|932|934|1270|1352|1400|1605|1813|1974|2242|2277|2465|2489|2553|2565|2822|4233|4553|5148|4408|2901|3044|3494|3501|3778|3892|4023|4058|4153|4167|4282|4324|4601|4681|4981|5056|
[2901] --> |9|10|123|147|316|445|558|598|676|845|932|934|1270|1352|1400|1605|1813|1974|2242|2277|2465|2489|2553|2565|2822|2867|4233|4553|5148|4408|4981|4282|4681|3044|3494|3501|3778|3892|4023|4058|4153|4167|4324|4601|5056|
[2905] --> |22|394|474|494|519|521|895|977|1060|1298|1331|1475|1555|1782|1893|1951|1983|2059|2493|2539|2846|2862|3686|4157|3764|2955|4946|2956|3007|3097|3255|3523|3636|3834|3900|3960|4015|4158|4269|4530|4771|
[2917] --> |254|543|545|662|751|755|757|998|1042|1277|1324|1334|1410|1526|1562|1714|1915|2560|2656|2668|2764|2799|3490|3527|3530|3531|3577|3683|4490|4608|4910|4913|4935|5207|
[2955] --> |22|394|474|494|519|521|895|977|1060|1298|1331|1475|1555|1782|1893|1951|1983|2059|2493|2539|2846|2862|2905|3686|4157|3764|2956|3007|3097|3255|3523|3636|3834|3900|3960|4015|4158|4269|4530|4771|4946|
[2956] --> |22|394|474|519|521|977|1060|1298|1331|1475|1555|1782|1951|1983|2059|2493|2539|2862|2905|2955|4157|4946|4771|3007|3097|3255|3523|3636|3900|3960|4015|4158|4530|
[3007] --> |22|394|474|519|521|977|1060|1298|1331|1475|1555|1782|1951|1983|2059|2493|2539|2862|2905|2955|2956|4157|4946|4771|3097|3255|3523|3636|3900|3960|4015|4158|4530|
[3044] --> |9|10|123|147|316|445|558|598|676|845|932|934|1270|1352|1400|1605|1813|1974|2242|2277|2465|2489|2553|2565|2822|2867|2901|4233|4553|5148|4408|4981|4282|4681|4167|3892|3778|3494|5056|4324|4023|3501|4058|4153|4601|
[3097] --> |22|394|474|494|519|521|895|977|1060|1298|1331|1475|1555|1782|1893|1951|1983|2059|2493|2539|2846|2862|2905|2955|2956|3007|3686|4157|3764|4946|4771|3255|3523|3636|3834|3900|3960|4015|4158|4269|4530|
[3255] --> |22|394|474|494|519|521|895|977|1060|1298|1331|1475|1555|1782|1893|1951|1983|2059|2493|2539|2846|2862|2905|2955|2956|3007|3097|3686|4157|3764|4946|4771|3523|3636|3834|3900|3960|4015|4158|4269|4530|
[3490] --> |254|543|545|662|751|755|757|998|1042|1277|1324|1334|1410|1526|1562|1714|1915|2560|2656|2668|2764|2799|2917|4490|4910|3531|4935|3577|3527|3530|3683|4608|4913|5207|
[3494] --> |9|10|123|147|316|445|558|598|676|845|932|934|1270|1352|1400|1605|1813|1974|2242|2277|2465|2489|2553|2565|2822|2867|2901|3044|4233|4553|5148|4408|4981|4282|4681|4167|3892|3778|3501|4023|4058|4153|4324|4601|5056|
[3501] --> |9|10|123|147|316|445|558|598|676|845|932|934|1270|1352|1400|1605|1813|1974|2242|2277|2465|2489|2553|2565|2822|2867|2901|3044|3494|4233|4553|5148|4408|4981|4282|4681|4167|3892|3778|5056|4324|4023|4058|4153|4601|
[3523] --> |22|394|474|494|519|521|895|977|1060|1298|1331|1475|1555|1782|1893|1951|1983|2059|2493|2539|2846|2862|2905|2955|2956|3007|3097|3255|3686|4157|3764|4946|4771|3636|3834|3900|3960|4015|4158|4269|4530|
[3527] --> |254|543|545|662|751|755|757|998|1042|1277|1324|1334|1410|1526|1562|1714|1915|2560|2656|2668|2764|2799|2917|3490|4490|4910|3531|4935|3577|3530|3683|4608|4913|5207|
[3530] --> |254|543|545|662|751|755|757|998|1042|1277|1324|1334|1410|1526|1562|1714|1915|2560|2656|2668|2764|2799|2917|3490|3527|4490|4910|3531|4935|3577|3683|4608|4913|5207|
[3531] --> |254|543|545|662|751|755|757|998|1042|1277|1324|1334|1410|1526|1562|1714|1915|2560|2656|2668|2764|2799|2917|3490|3527|3530|4490|4910|3577|3683|4608|4913|4935|5207|
[3577] --> |254|543|545|662|751|755|757|998|1042|1277|1324|1334|1410|1526|1562|1714|1915|2560|2656|2668|2764|2799|2917|3490|3527|3530|3531|4490|4910|4935|3683|4608|4913|5207|
[3636] --> |22|394|474|494|519|521|895|977|1060|1298|1331|1475|1555|1782|1893|1951|1983|2059|2493|2539|2846|2862|2905|2955|2956|3007|3097|3255|3523|3686|4157|3764|4946|4771|3834|3900|3960|4015|4158|4269|4530|
[3683] --> |254|543|545|662|751|755|757|998|1042|1277|1324|1334|1410|1526|1562|1714|1915|2560|2656|2668|2764|2799|2917|3490|3527|3530|3531|3577|4490|4910|4935|4608|4913|5207|
[3686] --> |22|394|474|494|519|521|895|977|1298|1331|1475|1555|1893|1951|1983|2059|2493|2846|2862|2905|2955|3097|3255|3523|3636|3764|3834|3960|4015|4158|4269|
[3764] --> |22|394|474|494|519|521|895|977|1298|1331|1475|1555|1893|1951|1983|2059|2493|2846|2862|2905|2955|3097|3255|3523|3636|3686|3834|3960|4015|4158|4269|
[3778] --> |9|10|123|147|316|445|558|598|676|845|932|934|1270|1352|1400|1605|1813|1974|2242|2277|2465|2489|2553|2565|2822|2867|2901|3044|3494|3501|4233|4553|5148|4408|4981|4282|4681|4167|3892|4023|4058|4153|4324|4601|5056|
[3834] --> |22|394|474|494|519|521|895|977|1298|1331|1475|1555|1893|1951|1983|2059|2493|2846|2862|2905|2955|3097|3255|3523|3636|3686|3764|3960|4015|4158|4269|
[3892] --> |9|10|123|147|316|445|558|598|676|845|932|934|1270|1352|1400|1605|1813|1974|2242|2277|2465|2489|2553|2565|2822|2867|2901|3044|3494|3501|3778|4233|4553|5148|4408|4981|4282|4681|4167|4023|4058|4153|4324|4601|5056|
[3900] --> |22|394|474|519|521|977|1060|1298|1331|1475|1555|1782|1951|1983|2059|2493|2539|2862|2905|2955|2956|3007|3097|3255|3523|3636|4157|4946|4771|3960|4015|4158|4530|
[3960] --> |22|394|474|494|519|521|895|977|1060|1298|1331|1475|1555|1782|1893|1951|1983|2059|2493|2539|2846|2862|2905|2955|2956|3007|3097|3255|3523|3636|3686|3764|3834|3900|4157|4946|4771|4015|4158|4269|4530|
[4015] --> |22|394|474|494|519|521|895|977|1060|1298|1331|1475|1555|1782|1893|1951|1983|2059|2493|2539|2846|2862|2905|2955|2956|3007|3097|3255|3523|3636|3686|3764|3834|3900|3960|4157|4946|4771|4158|4269|4530|
[4023] --> |9|10|123|147|316|445|558|598|676|845|932|934|1270|1352|1400|1605|1813|1974|2242|2277|2465|2489|2553|2565|2822|2867|2901|3044|3494|3501|3778|3892|4233|4553|5148|4408|4981|4282|4681|4167|5056|4324|4058|4153|4601|
[4058] --> |9|10|123|147|316|445|558|598|676|845|932|934|1270|1352|1400|1605|1813|1974|2242|2277|2465|2489|2553|2565|2822|2867|2901|3044|3494|3501|3778|3892|4023|4233|4553|5148|4408|4981|4282|4681|4167|5056|4324|4153|4601|
[4153] --> |9|10|123|147|316|445|558|598|676|845|932|934|1270|1352|1400|1605|1813|1974|2242|2277|2465|2489|2553|2565|2822|2867|2901|3044|3494|3501|3778|3892|4023|4058|4233|4553|5148|4408|4981|4282|4681|4167|5056|4324|4601|
[4157] --> |22|394|474|519|521|977|1060|1298|1331|1475|1555|1782|1951|1983|2059|2493|2539|2862|2905|2955|2956|3007|3097|3255|3523|3636|3900|3960|4015|4158|4530|4771|4946|
[4158] --> |22|394|474|494|519|521|895|977|1060|1298|1331|1475|1555|1782|1893|1951|1983|2059|2493|2539|2846|2862|2905|2955|2956|3007|3097|3255|3523|3636|3686|3764|3834|3900|3960|4015|4157|4946|4771|4269|4530|
[4167] --> |9|10|123|147|316|445|558|598|676|845|932|934|1270|1352|1400|1605|1813|1974|2242|2277|2465|2489|2553|2565|2822|2867|2901|3044|3494|3501|3778|3892|4023|4058|4153|4233|4553|5148|4408|4981|4282|4681|4324|4601|5056|
[4233] --> |9|10|123|147|316|445|558|598|676|845|932|934|1270|1352|1400|1605|1813|1974|2242|2277|2465|2489|2553|2565|2822|2867|2901|3044|3494|3501|3778|3892|4023|4058|4153|4167|4282|4324|4408|4553|4601|4681|4981|5056|5148|
[4269] --> |22|394|474|494|519|521|895|977|1298|1331|1475|1555|1893|1951|1983|2059|2493|2846|2862|2905|2955|3097|3255|3523|3636|3686|3764|3834|3960|4015|4158|
[4282] --> |9|10|123|147|316|445|558|598|676|845|932|934|1270|1352|1400|1605|1813|1974|2242|2277|2465|2489|2553|2565|2822|2867|2901|3044|3494|3501|3778|3892|4023|4058|4153|4167|4233|4553|5148|4408|4981|4324|4601|4681|5056|
[4324] --> |9|10|123|147|316|445|558|598|676|845|932|934|1270|1352|1400|1605|1813|1974|2242|2277|2465|2489|2553|2565|2822|2867|2901|3044|3494|3501|3778|3892|4023|4058|4153|4167|4233|4282|4553|5148|4408|4981|4681|5056|4601|
[4408] --> |9|10|123|147|316|445|558|598|676|845|932|934|1270|1352|1400|1605|1813|1974|2242|2277|2465|2489|2553|2565|2822|2867|2901|3044|3494|3501|3778|3892|4023|4058|4153|4167|4233|4282|4324|4553|5148|4601|4681|4981|5056|
[4490] --> |254|543|545|662|751|755|757|998|1042|1277|1324|1334|1410|1526|1562|1714|1915|2560|2656|2668|2764|2799|2917|3490|3527|3530|3531|3577|3683|4608|4910|4913|4935|5207|
[4530] --> |22|394|474|519|521|977|1060|1298|1331|1475|1555|1782|1951|1983|2059|2493|2539|2862|2905|2955|2956|3007|3097|3255|3523|3636|3900|3960|4015|4157|4158|4946|4771|
[4553] --> |9|123|147|316|445|558|598|676|845|934|1270|1352|1400|1605|1813|1974|2242|2277|2465|2489|2553|2565|2822|2867|2901|3044|3494|3501|3778|3892|4023|4058|4153|4167|4233|4282|4324|4408|4601|4681|4981|5056|5148|
[4601] --> |9|10|123|147|316|445|558|598|676|845|932|934|1270|1352|1400|1605|1813|1974|2242|2277|2465|2489|2553|2565|2822|2867|2901|3044|3494|3501|3778|3892|4023|4058|4153|4167|4233|4282|4324|4408|4553|5148|4981|4681|5056|
[4608] --> |254|543|545|662|751|755|757|998|1042|1277|1324|1334|1410|1526|1562|1714|1915|2560|2656|2668|2764|2799|2917|3490|3527|3530|3531|3577|3683|4490|4910|4935|4913|5207|
[4681] --> |9|10|123|147|316|445|558|598|676|845|932|934|1270|1352|1400|1605|1813|1974|2242|2277|2465|2489|2553|2565|2822|2867|2901|3044|3494|3501|3778|3892|4023|4058|4153|4167|4233|4282|4324|4408|4553|4601|5148|4981|5056|
[4771] --> |22|394|474|519|521|977|1060|1298|1331|1475|1555|1782|1951|1983|2059|2493|2539|2862|2905|2955|2956|3007|3097|3255|3523|3636|3900|3960|4015|4157|4158|4530|4946|
[4910] --> |254|543|545|662|751|755|757|998|1042|1277|1324|1334|1410|1526|1562|1714|1915|2560|2656|2668|2764|2799|2917|3490|3527|3530|3531|3577|3683|4490|4608|4913|4935|5207|
[4913] --> |254|543|545|662|751|755|757|998|1042|1277|1324|1334|1410|1526|1562|1714|1915|2560|2656|2668|2764|2799|2917|3490|3527|3530|3531|3577|3683|4490|4608|4910|4935|5207|
[4935] --> |254|543|545|662|751|755|757|998|1042|1277|1324|1334|1410|1526|1562|1714|1915|2560|2656|2668|2764|2799|2917|3490|3527|3530|3531|3577|3683|4490|4608|4910|4913|5207|
[4946] --> |22|394|474|519|521|977|1060|1298|1331|1475|1555|1782|1951|1983|2059|2493|2539|2862|2905|2955|2956|3007|3097|3255|3523|3636|3900|3960|4015|4157|4158|4530|4771|
[4981] --> |9|10|123|147|316|445|558|598|676|845|932|934|1270|1352|1400|1605|1813|1974|2242|2277|2465|2489|2553|2565|2822|2867|2901|3044|3494|3501|3778|3892|4023|4058|4153|4167|4233|4282|4324|4408|4553|4601|4681|5148|5056|
[5056] --> |9|10|123|147|316|445|558|598|676|845|932|934|1270|1352|1400|1605|1813|1974|2242|2277|2465|2489|2553|2565|2822|2867|2901|3044|3494|3501|3778|3892|4023|4058|4153|4167|4233|4282|4324|4408|4553|4601|4681|4981|5148|
[5148] --> |9|10|123|147|316|445|558|598|676|845|932|934|1270|1352|1400|1605|1813|1974|2242|2277|2465|2489|2553|2565|2822|2867|2901|3044|3494|3501|3778|3892|4023|4058|4153|4167|4233|4282|4324|4408|4553|4601|4681|4981|5056|
[5207] --> |254|543|545|662|751|755|757|998|1042|1277|1324|1334|1410|1526|1562|1714|1915|2560|2656|2668|2764|2799|2917|3490|3527|3530|3531|3577|3683|4490|4608|4910|4913|4935|
---------------------------------------
Number of nodes in densest component: 124
Density of densest component: 19.4113
Average Elapsed time in microseconds : 5951 μs
---------------------------------------
